0x0000 5906 27 44
0x0190 5923 27 44
0x0190 5923 51 22
0x0190 5911 54 22
0x0190 5933 51 22
0x0190 5943 51 22
0x0190 5953 51 22
0x0190 5956 51 22
0x0000 5961 41 0
0x0000 5964 36 0
0x0190 5962 28 0
0x0190 5956 28 0
0x0190 5961 51 22
0x0190 5975 51 22
0x0190 5980 51 22
0x0190 5987 51 22
0x0190 5989 62 22
0x0000 5985 47 22
0x0000 5985 43 22
0x0000 5986 30 22
0x0000 5985 46 22
0x0000 5983 51 22
0x0190 5960 51 22
0x0190 5965 41 0
0x0190 5965 61 0
0x0190 5965 66 0
0x0190 5968 80 0
0x0190 5980 81 0
0x0190 5983 84 0
0x0190 5994 82 0
0x0190 5994 98 0
0x0190 5965 83 0
0x0190 5965 91 0
0x0190 5964 98 7
0x0190 5958 98 22
0x0190 5946 100 22
0x0190 5956 91 22
0x0190 5956 75 22
0x0190 5940 66 0
0x0190 5934 70 0
0x0190 5930 82 0
0x0190 5917 83 0
0x0190 5914 97 0
