1060 1304 9  1058 1304
1060 1303 9	 1058 1303
1060 1302 9	 1058 1302
1060 1300 9	 1058 1300
1060 1296 8	 1058 1296
1060 1295 6	 1058 1295
1060 1294 2	 1058 1294
1062 1293 12 1060 1293
1062 1292 11 1060 1292
1062 1291 11 1060 1291
1060 1289 2  1058 1289
1061 1289 7  1059 1289
1061 1288 8  1059 1288
1061 1287 12 1059 1287
1061 1286 14 1059 1286
1060 1286 9  1058 1286
1060 1285 10 1058 1285
1059 1285 8  1057 1285
1058 1284 7  1056 1284
1058 1285 5  1056 1285
1057 1285 2  1055 1285
1056 1284 2  1054 1284
1057 1284 6  1055 1284
1057 1283 8  1055 1283
1057 1282 5  1055 1282
1057 1281 5  1055 1281
1057 1280 5  1055 1280
1057 1279 7  1055 1279
1057 1279 7  1055 1279
1061 1270 9  1059 1270
1074 1251 13 1072 1251
1083 1239 8  1081 1239
1082 1239 2  1080 1239
1086 1234 2  1084 1234
1087 1233 4  1085 1233
1087 1232 1  1085 1232
1088 1231 2  1086 1231