0x0000 5578 628 30
0x0788 5570 629 55
0x0000 5497 571 60
0x0000 5485 565 60
0x0000 5484 553 60
0x0190 5489 547 60
0x0190 5502 538 60
0x0000 5503 527 60
0x0000 5477 546 60
0x0000 5469 536 60
0x0000 5464 546 60
0x0000 5451 535 60
0x0000 5456 547 60
0x0000 5451 550 61
0x0000 5448 550 60
0x0000 5442 547 60
0x0000 5444 547 60
0x0000 5436 534 60
0x0000 5427 531 60
0x0000 5411 531 60
0x0000 5402 529 65
0x0000 5394 524 65
0x0190 5399 554 60
0x0190 5410 554 59
0x0009 5452 549 58
0x0009 5464 566 60
0x0009 5455 566 61
0x0009 5467 573 60
0x0009 5485 555 60
0x0009 5484 588 48
0x0009 5484 590 47
0x0009 5492 596 48
0x0000 5500 612 48
0x0009 5505 596 45
0x0009 5507 604 52
0x0009 5505 609 45
0x0000 5495 611 45
0x0009 5497 611 45
0x0009 5484 611 46
0x0009 5483 624 25
0x0009 5495 627 25
0x0009 5475 594 41
0x0009 5471 594 46
0x0009 5467 598 45
0x0009 5467 607 45
