0x0001 5582 631 30
0x078C 5572 632 20
0x0000 5514 672 20
0x0000 5507 673 20
0x0000 5501 674 21
0x0000 5494 674 20
0x0000 5490 678 20
0x0000 5489 681 20
0x0000 5489 689 20
0x0000 5492 693 20
0x0000 5500 692 20
0x0000 5506 694 21
0x0000 5484 691 20
0x0000 5477 696 20
0x0000 5471 698 20
0x0000 5475 704 15
0x0000 5460 708 15
0x0000 5490 710 15
0x0018 5491 720 15
0x0018 5491 727 12
0x0018 5491 743 5
0x0018 5495 747 5
0x0018 5505 747 5
0x0000 5506 732 5
0x0018 5490 719 15
0x0018 5482 706 15
0x0018 5463 701 15
0x0018 5459 687 20
0x0018 5459 675 20
0x0018 5468 670 20
0x0018 5451 675 20