0x0000 5908 22 44
0x0000 5904 26 44
0x0000 5914 27 44
0x0190 5922 27 44
0x0190 5922 33 44
0x0190 5922 37 44
0x0190 5922 51 22
0x0190 5916 51 22
0x0190 5923 51 22
0x0190 5930 51 22
0x0190 5935 51 22
0x0190 5943 51 22
0x0190 5948 51 22
0x0190 5953 51 22
0x0190 5958 51 22
0x0190 5961 48 22
0x0190 5961 40 0
0x0190 5964 37 0
0x0190 5964 28 0
0x0190 5956 27 0
0x0190 5961 27 0
0x0190 5961 51 22
0x0190 5971 51 22
0x0190 5977 51 22
0x0190 5982 51 22
0x0190 5986 51 22
0x0190 5987 54 22
0x0190 5987 58 22
0x0190 5988 47 22
0x0190 5984 43 22
0x0000 5989 38 22
0x0190 5987 35 22
0x0190 5987 30 22
0x0190 5981 30 22
0x0190 5984 46 22
0x0190 5984 50 22
0x0190 5961 50 22
0x0190 5963 41 0
0x0190 5965 58 0
0x0190 5962 58 0
0x0190 5962 64 0
0x0190 5964 70 0
0x0190 5965 75 0
0x0190 5969 79 0
0x0190 5965 83 0
0x0190 5964 90 0
0x0190 5965 94 0
0x0190 5960 98 22
0x0190 5958 97 22
0x0190 5955 100 22
0x0000 5955 94 22
0x0000 5951 98 22
0x0000 5948 99 22
0x0000 5955 86 22