2562 459
2563 459
2564 459
2565 459
2566 459
2567 459
2568 459
2569 459
2570 459
2571 459
2572 459
2573 459
2574 459
2575 459
2576 459
2577 459
2578 459
2579 459
2580 459
2581 459
2582 459
2583 459
2582 460
2581 460
2580 460
2579 460
2578 460
2577 460
2576 460
2575 460
2574 460
2573 460
2572 460
2571 460
2570 460
2569 460
2568 460
2567 460
2566 460
2565 460
2564 460
2563 460
2564 461
2565 461
2566 461
2567 461
2568 461
2569 461
2570 461
2571 461
2572 461
2573 461
2574 461
2575 461
2576 461
2577 461
2578 461
2579 461
2581 461
2582 461
2583 461
2584 461
2584 462
2584 491
2583 491
2583 490
2583 489
2583 488
2583 487
2583 486
2583 485
2583 484
2583 483
2583 482
2583 481
2583 480
2583 479
2583 478
2583 477
2583 476
2583 475
2583 474
2583 473
2583 472
2583 471
2583 470
2583 469
2583 468
2583 467
2583 466
2583 465
2583 464
2583 463
2582 463
2582 492
2580 492
2580 491
2580 490
2580 489
2580 488
2580 487
2580 486
2580 485
2580 484
2580 483
2580 482
2580 481
2580 480
2580 479
2580 478
2580 477
2580 476
2580 475
2580 474
2580 473
2580 472
2580 471
2580 470
2580 469
2580 468
2580 467
2580 466
2580 465
2580 464
2580 463