0x0190 1499 2830 0
0x0190 1498 2831 0
0x0190 1497 2832 0
0x0190 1496 2833 0
0x0190 1495 2834 0
0x0190 1494 2835 0
0x0190 1495 2836 0
0x0190 1496 2835 0
0x0190 1496 2836 0
0x0190 1495 2837 0
0x0190 1495 2838 0
0x0190 1495 2839 0
0x0190 1496 2839 0
0x0190 1496 2840 0
0x0190 1496 2841 0
0x0190 1497 2841 0
0x0190 1497 2842 0
0x0190 1496 2842 0
0x0190 1496 2843 0
0x0190 1496 2844 0
0x0190 1497 2844 0
0x0190 1497 2845 0
0x0190 1496 2845 0
0x0190 1495 2845 0
0x0190 1494 2846 0
0x0190 1495 2847 0
0x0190 1495 2848 0
0x0190 1494 2848 0
0x0190 1493 2849 0
0x0190 1494 2850 0
0x0190 1494 2851 0
0x0190 1495 2851 0
0x0190 1495 2852 0
0x0190 1494 2852 0
0x0190 1494 2853 0
0x0190 1493 2853 0
0x0190 1492 2854 0
0x0190 1491 2853 0
0x0190 1490 2854 0
0x0190 1489 2854 0
0x0190 1490 2853 0
0x0190 1489 2852 0
0x0190 1490 2851 0
0x0190 1489 2850 0
0x0190 1488 2851 0
0x0190 1489 2849 0
0x0190 1490 2849 0
0x0190 1491 2849 0
0x0190 1492 2848 0
0x0190 1492 2847 0
0x0190 1493 2846 0
0x0190 1493 2845 0
0x0190 1493 2844 0
0x0190 1494 2844 0
0x0190 1494 2842 0
0x0190 1494 2841 0
0x0190 1494 2840 0
0x0190 1493 2839 0
0x0190 1492 2839 0
0x0190 1491 2839 0
0x0190 1491 2838 0
0x0190 1492 2837 0
0x0190 1493 2838 0
0x0190 1494 2837 0
0x0190 1493 2836 0
0x0190 1493 2834 0
0x0190 1491 2836 0
0x0190 1490 2837 0
0x0190 1489 2837 0
0x0190 1488 2837 0
0x0190 1487 2837 0
0x0190 1486 2837 0
0x0190 1485 2838 0
0x0190 1484 2838 0
0x0190 1483 2839 0
0x0190 1482 2840 0
0x0190 1483 2841 0
0x0190 1482 2841 0
0x0190 1481 2841 0
0x0190 1481 2842 0
0x0190 1480 2842 0
0x0190 1480 2843 0
0x0190 1479 2843 0
0x0190 1479 2844 0
0x0190 1478 2844 0
0x0190 1477 2843 0
0x0190 1477 2842 0
0x0190 1476 2841 0
0x0190 1477 2841 0
0x0190 1478 2842 0
0x0190 1479 2842 0
0x0190 1480 2841 0
0x0190 1480 2840 0
0x0190 1479 2839 0
0x0190 1480 2839 0
0x0190 1481 2839 0
0x0190 1482 2838 0
0x0190 1481 2837 0
0x0190 1483 2837 0
0x0190 1484 2837 0
0x0190 1484 2836 0
0x0190 1485 2836 0
0x0190 1485 2835 0
0x0190 1486 2835 0
0x0190 1486 2834 0
0x0190 1486 2833 0
0x0190 1487 2833 0
0x0190 1488 2833 0
0x0190 1489 2833 0
0x0190 1490 2833 0
0x0190 1491 2833 0
0x0190 1491 2832 0
0x0190 1492 2832 0
0x0190 1493 2832 0
0x0190 1493 2831 0
0x0190 1494 2830 0
0x0190 1495 2829 0
0x0190 1496 2830 0
0x0190 1497 2829 0
0x0190 1498 2828 0
0x0190 1497 2827 0
0x0190 1496 2826 0
0x0190 1496 2827 0
0x0190 1495 2828 0
0x0190 1494 2827 0
0x0190 1493 2829 0
0x0190 1492 2828 0
0x0190 1491 2827 0
0x0190 1490 2826 0
0x0190 1491 2825 0
0x0190 1490 2825 0
0x0190 1489 2824 0
0x0190 1490 2823 0
0x0190 1492 2823 0
0x0190 1492 2822 0
0x0190 1491 2822 0
0x0190 1490 2821 0
0x0190 1491 2820 0
0x0190 1491 2819 0
0x0190 1490 2819 0
0x0190 1490 2820 0
0x0190 1489 2821 0
0x0190 1488 2820 0
0x0190 1488 2821 0
0x0190 1487 2821 0
0x0190 1489 2822 0
0x0190 1488 2822 0
0x0190 1487 2822 0
0x0190 1488 2823 0
0x0190 1487 2823 0
0x0190 1486 2824 0
0x0190 1486 2823 0
0x0190 1487 2824 0
0x0190 1487 2825 0
0x0190 1488 2825 0
0x0190 1489 2826 0
0x0190 1489 2827 0
0x0190 1490 2829 0
0x0190 1490 2830 0